O8  0.33485063  0.00402478  0.02020739  0.94  1.00  0.063829787234 0  4.013340e+03  4.202855e+03  3.453377e-01  2.797312e-01
O21t  0.55674834  0.0034604  -0.00257139  0.85  0.90  0.0588235294118 2  2.804107e+03  3.734536e+03  3.597543e-01  2.452027e-01
U5  0.27116286  0.00436828  0.03423647  0.83  0.85  0.0240963855422 4  2.786841e+03  3.139285e+03  4.000319e-01  2.532131e-01
O20  0.4461825   0.00366534  0.00439821  0.79  0.88  0.113924050633 0  3.479479e+03  3.996764e+03  3.287344e-01  2.583216e-01
N8  0.32375264  0.00402803  0.02595953  0.85  0.92  0.0823529411765 0  3.191574e+03  3.024203e+03  3.800580e-01  2.446405e-01
S2  0.36642472  0.00403899  0.02434756  0.95  0.98  0.0315789473684 3  3.264094e+03  3.481868e+03  3.413016e-01  2.455723e-01
N11t  0.42998426  0.00434756  0.02492862  0.90  0.94  0.0444444444444 2  3.199658e+03  3.479794e+03  3.509729e-01  2.531736e-01
N2o  0.42857277  0.00304434 -0.00358304  0.92  0.98  0.0652173913043 1  2.500668e+03  4.189712e+03  3.871497e-01  2.546036e-01
N13  0.37865202  0.00388037  0.02388925  0.80  0.83  0.0375 0  2.799274e+03  3.518629e+03  3.690496e-01  2.478480e-01
O11  0.407236    0.0039318   0.01233864  0.84  0.88  0.047619047619 0  1.990081e+03  3.204668e+03  3.153539e-01  2.526472e-01
U1  0.23063277  0.00506325  0.03486522  0.83  0.85  0.0240963855422 4  2.869423e+03  4.609495e+03  3.604597e-01  2.497888e-01
S10  0.25671399  0.00363439  0.0190835  0.83  0.87  0.0481927710843 3  2.340846e+03  3.465259e+03  4.565702e-01  2.389482e-01
O18o  0.39708     0.00384055  0.01293716  0.80  0.83  0.0375 1  3.098750e+03  4.253677e+03  3.632055e-01  2.679693e-01
N13t  0.37865202  0.00388037  0.02388925  0.79  0.83  0.0506329113924 2  3.643035e+03  4.488773e+03  3.647581e-01  2.415152e-01
L7  0.81350566  0.00258173 -0.0731416  0.84  0.90  0.0714285714286 0  3.443483e+03  5.031700e+03  3.499000e-01  2.338561e-01
N7t  0.25542317  0.003115    0.01497096  0.84  0.87  0.0357142857143 2  3.597501e+03  5.192698e+03  3.850966e-01  2.137215e-01
O21  0.55674834  0.0034604  -0.00257139  0.85  0.91  0.0705882352941 0  2.690404e+03  4.009622e+03  3.948245e-01  2.448850e-01
N7  0.25542317  0.003115    0.01497096  0.85  0.96  0.129411764706 0  2.476198e+03  3.620058e+03  3.512153e-01  2.460707e-01
N5o  0.29541194  0.00308501  0.00875807  0.76  0.80  0.0526315789474 1  3.632220e+03  5.275117e+03  3.604650e-01  2.126517e-01
L6  0.5558996   0.00301579 -0.02613183  0.72  0.79  0.0972222222222 0  3.004313e+03  4.844507e+03  3.510822e-01  2.829432e-01
L3  0.50505079  0.00417668  0.01460348  0.79  0.82  0.0379746835443 0  3.479045e+03  5.090330e+03  3.615296e-01  2.177954e-01
N10o  0.27614297  0.00385099  0.02537369  0.79  0.83  0.0506329113924 1  3.423523e+03  3.763621e+03  3.571734e-01  2.636480e-01
N14  0.3551609   0.0026928  -0.00961562  0.80  0.84  0.05 0  2.262096e+03  3.700583e+03  3.395639e-01  2.512949e-01
S11  0.42946128  0.00551507  0.03741806  0.80  0.83  0.0375 3  2.161504e+03  4.104738e+03  3.372286e-01  2.228732e-01
N4t  0.36632676  0.00351252  0.00963017  0.81  0.84  0.037037037037 2  3.572357e+03  5.334667e+03  3.656714e-01  2.001854e-01
O24o  0.36786172  0.00372889  0.0119595  0.88  0.91  0.0340909090909 1  3.848349e+03  4.661593e+03  4.026465e-01  2.302646e-01
O18  0.39708     0.00384055  0.01293716  0.81  0.84  0.037037037037 0  3.652365e+03  4.642946e+03  3.749892e-01  2.129246e-01
O20o  0.4461825   0.00366534  0.00439821  0.83  0.88  0.0602409638554 1  3.697110e+03  4.594291e+03  4.198714e-01  2.219510e-01
O7  0.30187814  0.00442044  0.03360955  0.90  0.96  0.0666666666667 0  2.806650e+03  3.687031e+03  4.004874e-01  2.516439e-01
N6o  0.56578101  0.00394738  0.02262315  0.80  0.85  0.0625 1  2.940464e+03  4.675981e+03  3.509176e-01  2.401672e-01
N1  0.61136524  0.00436026  0.04026837  0.72  0.75  0.0416666666667 0  2.608153e+03  3.633639e+03  3.364019e-01  2.816106e-01
S5  0.23962949  0.00456987  0.03194034  0.83  0.86  0.0361445783133 3  1.969146e+03  3.851595e+03  3.759541e-01  2.342193e-01
O22  0.55221395  0.00362443 -0.00484885  0.82  0.89  0.0853658536585 0  3.100515e+03  4.754803e+03  3.921289e-01  2.480165e-01
O18t  0.39708     0.00384055  0.01293716  0.81  0.83  0.0246913580247 2  3.432732e+03  4.261142e+03  3.384015e-01  2.436298e-01
S12  0.27766624  0.00639918  0.04321865  0.84  0.86  0.0238095238095 3  3.030840e+03  4.497270e+03  3.391729e-01  2.907715e-01
O25o  0.54429496  0.00333578 -0.01178311  0.87  0.88  0.0114942528736 1  3.065679e+03  4.622139e+03  3.705568e-01  2.303728e-01
N8t  0.32375264  0.00402803  0.02595953  0.81  0.85  0.0493827160494 2  4.027794e+03  4.386888e+03  3.600229e-01  2.301829e-01
O8t  0.33485063  0.00402478  0.02020739  0.93  0.96  0.0322580645161 2  3.028972e+03  4.762732e+03  3.587116e-01  2.237618e-01
N5t  0.29541194  0.00308501  0.00875807  0.75  0.81  0.08 2  3.569484e+03  5.192774e+03  3.723941e-01  2.184171e-01
O19t  0.55150036  0.00311107 -0.01788694  0.86  0.92  0.0697674418605 2  2.765057e+03  4.172855e+03  3.671338e-01  2.637270e-01
O24  0.36786172  0.00372889  0.0119595  0.88  0.93  0.0568181818182 0  3.202006e+03  4.354624e+03  3.440492e-01  2.670996e-01
L2  0.42485449  0.00399869  0.01472142  0.84  0.94  0.119047619048 0  3.783021e+03  5.194519e+03  3.808529e-01  2.136780e-01
N8o  0.32375264  0.00402803  0.02595953  0.80  0.84  0.05 1  3.614317e+03  4.659688e+03  3.893780e-01  2.371439e-01
O24t  0.36786172  0.00372889  0.0119595  0.87  0.92  0.0574712643678 2  2.657427e+03  4.077672e+03  3.845832e-01  2.246728e-01
S13 0.35595174  0.00427757  0.02766931  0.88  0.96  0.0909090909091 3  2.847198e+03  3.983306e+03  3.333608e-01  2.415965e-01
U6  0.25340472  0.0047503   0.03400938  0.83  0.85  0.0240963855422 4  2.312078e+03  4.481194e+03  3.417172e-01  2.708177e-01
O27o  0.75651805  0.00436842  0.01592212  0.86  0.90  0.046511627907 1  2.311629e+03  3.763720e+03  3.572898e-01  2.655115e-01
O9  0.43840356  0.00372959  0.00816818  0.87  0.93  0.0689655172414 0  3.091677e+03  2.741149e+03  3.814877e-01  2.743116e-01
O26t  0.47616811  0.0042569   0.01935778  0.91  0.96  0.0549450549451 2  2.566030e+03  3.879646e+03  3.883291e-01  2.582995e-01
O27t  0.75651805  0.00436842  0.01592212  0.87  0.90  0.0344827586207 2  2.457396e+03  4.133401e+03  3.511373e-01  2.695383e-01
O22t  0.55221395  0.00362443 -0.00484885  0.83  0.87  0.0481927710843 2  3.022398e+03  3.720279e+03  4.201461e-01  2.674032e-01
N10  0.27614297  0.00385099  0.02537369  0.79  0.85  0.0759493670886 0  2.665458e+03  4.043543e+03  3.578480e-01  2.393134e-01
O5  0.27997182  0.00500033  0.03485466  0.76  0.79  0.0394736842105 0  2.775101e+03  4.349766e+03  4.204824e-01  2.167093e-01
N11o  0.42998426  0.00434756  0.02492862  0.88  0.92  0.0454545454545 1  2.975230e+03  3.728444e+03  3.566606e-01  2.537262e-01
S8  0.37594579  0.00449682  0.02760145  0.88  0.95  0.0795454545455 3  2.607047e+03  3.162285e+03  3.599041e-01  2.400147e-01
O26o  0.47616811  0.0042569   0.01935778  0.91  0.95  0.043956043956 1  2.849893e+03  3.931948e+03  3.998658e-01  2.443613e-01
O27  0.75651805  0.00436842  0.01592212  0.86  0.91  0.0581395348837 0  2.849389e+03  4.218666e+03  3.941052e-01  2.587964e-01
L5  0.68637391  0.00464438  0.02262286  0.82  0.88  0.0731707317073 0  3.478882e+03  4.558737e+03  3.458511e-01  2.245540e-01
L9  0.51218164  0.00319145 -0.00366112  0.77  0.83  0.0779220779221 0  3.573019e+03  5.159786e+03  3.359430e-01  2.301906e-01
O16  0.71091724  0.003988    0.00756109  0.89  0.92  0.0337078651685 0  2.674357e+03  3.724296e+03  4.056436e-01  2.421955e-01
N7o  0.25542317  0.003115    0.01497096  0.84  0.90  0.0714285714286 1  4.038920e+03  4.945429e+03  4.181423e-01  2.134207e-01
N1o  0.61136524  0.00436026  0.04026837  0.70  0.75  0.0714285714286 1  3.358117e+03  4.580717e+03  4.205840e-01  2.820988e-01
L4  0.53603925  0.00398534  0.01481729  0.91  0.97  0.0659340659341 0  2.878750e+03  3.931715e+03  3.518263e-01  2.603662e-01
L10  0.47980458  0.00339583 -0.00089593  0.84  0.88  0.047619047619 0  3.718291e+03  4.649176e+03  3.518994e-01  2.258740e-01
N12o  0.50272597  0.00341157  0.01704414  0.84  0.87  0.0357142857143 1  1.983051e+03  3.776479e+03  3.390987e-01  2.502284e-01
N12t  0.50272597  0.00341157  0.01704414  0.84  0.87  0.0357142857143 2  2.704173e+03  4.082067e+03  4.025637e-01  2.475751e-01
O19o  0.55150036  0.00311107 -0.01788694  0.86  0.92  0.0697674418605 1  3.110530e+03  4.384031e+03  3.832106e-01  2.533372e-01
O1  0.31311331  0.00313045  0.00614129  0.81  0.86  0.0617283950617 0  2.792096e+03  3.670840e+03  3.891040e-01  2.492479e-01
O6  0.38582837  0.00494164  0.02948025  0.94  1.00  0.063829787234 0  2.092350e+03  4.215167e+03  3.861392e-01  2.620812e-01
O23  0.64157004  0.00419951  0.017406  0.82  0.86  0.0487804878049 0  2.956327e+03  4.481484e+03  4.150950e-01  2.582855e-01
O8o  0.33485063  0.00402478  0.02020739  0.92  0.97  0.054347826087 1  3.365744e+03  4.715708e+03  3.366642e-01  2.574073e-01
S6  0.45923965  0.00357429  0.00623756  0.81  0.86  0.0617283950617 3  2.244399e+03  3.642187e+03  3.581986e-01  2.551573e-01
N6t  0.56578101  0.00394738  0.02262315  0.81  0.85  0.0493827160494 2  3.079732e+03  4.192727e+03  3.413137e-01  2.815292e-01
S1  0.39647212  0.00446739  0.02648428  0.91  0.92  0.010989010989 3  2.623427e+03  3.985478e+03  3.902721e-01  2.375556e-01
O12  0.28847923  0.0035385   0.01613263  0.82  0.92  0.121951219512 0  2.102940e+03  4.177608e+03  3.067221e-01  2.557171e-01
S9  0.4625574   0.00406027  0.02464168  0.85  0.88  0.0352941176471 3  2.508147e+03  3.768225e+03  3.116576e-01  2.560718e-01
N14t  0.3551609   0.0026928  -0.00961562  0.79  0.83  0.0506329113924 2  3.834336e+03  4.258103e+03  3.871778e-01  2.540995e-01
N14o  0.3551609   0.0026928  -0.00961562  0.79  0.83  0.0506329113924 1  3.571555e+03  4.517259e+03  3.795136e-01  2.336046e-01
N2  0.42857277  0.00304434 -0.00358304  0.95  1.00  0.0526315789474 0  3.254726e+03  3.651435e+03  4.073377e-01  2.925498e-01
U2  0.23445603  0.00343772  0.02109684  0.83  0.85  0.0240963855422 4  2.363285e+03  4.327883e+03  3.585638e-01  2.803844e-01
O17  0.47262616  0.00322292 -0.00460573  0.86  0.91  0.0581395348837 0  2.656561e+03  3.589444e+03  3.635668e-01  2.202214e-01
O14  0.50037715  0.0040006   0.01362632  0.88  0.92  0.0454545454545 0  2.821315e+03  4.450307e+03  4.075186e-01  2.674113e-01
N10t  0.27614297  0.00385099  0.02537369  0.79  0.83  0.0506329113924 2  3.295503e+03  4.398316e+03  3.499394e-01  2.649455e-01
S7  0.4161774   0.00405239  0.02076289  0.84  0.88  0.047619047619 3  1.991627e+03  3.715653e+03  3.912564e-01  2.461319e-01
N3t  0.56123423  0.00389858  0.02429927  0.90 0.95  0.0555555555556 2  3.609641e+03  4.304341e+03  3.719334e-01  2.593118e-01
O23t  0.64157004  0.00419951  0.017406  0.82  0.86  0.0487804878049 2  3.946830e+03  4.103664e+03  3.817960e-01  2.598718e-01
N1t  0.61136524  0.00436026  0.04026837  0.71  0.76  0.0704225352113 2  2.853112e+03  4.604943e+03  4.065970e-01  2.386424e-01
U4  0.23744311  0.00425761  0.02811389  0.83  0.85  0.0240963855422 4  3.331957e+03  3.826096e+03  4.374446e-01  2.342928e-01
O4  0.38636046  0.00336213  0.01981431  0.82  0.87  0.0609756097561 0  2.011104e+03  4.548095e+03  4.269711e-01  2.892490e-01
O22o  0.55221395  0.00362443 -0.00484885  0.82  0.88  0.0731707317073 1  3.203842e+03  4.375799e+03  3.244964e-01  2.468511e-01
N4  0.36632676  0.00351252  0.00963017  0.83  0.88  0.0602409638554 0  2.167993e+03  4.184476e+03  3.728231e-01  2.569706e-01
N11  0.42998426  0.00434756  0.02492862  0.89  0.93  0.0449438202247 0  3.256816e+03  3.496201e+03  3.348596e-01  2.575654e-01
N3  0.56123423  0.00389858  0.02429927  0.95  0.96  0.0105263157895 0  2.105022e+03  3.409353e+03  3.397161e-01  2.449546e-01
O26  0.47616811  0.0042569   0.01935778  0.91  0.98  0.0769230769231 0  2.590490e+03  4.307465e+03  3.423283e-01  2.657033e-01
U3  0.39542561  0.00463563  0.03304037  0.83  0.85  0.0240963855422 4  2.238782e+03  3.799129e+03  3.820693e-01  2.511259e-01
N9  0.27208165  0.00364001  0.02132159  0.90  0.98  0.0888888888889 0  3.729424e+03  3.655569e+03  4.048562e-01  2.413801e-01
S4  0.38871578  0.00475593  0.02765906  0.91  0.94  0.032967032967 3  3.194629e+03  3.191810e+03  3.650638e-01  2.375747e-01
N2t  0.42857277  0.00304434 -0.00358304  0.95  0.99  0.0421052631579 2  3.384929e+03  3.987875e+03  4.191974e-01  2.380346e-01
O25  0.54429496  0.00333578 -0.01178311  0.85  0.92  0.0823529411765 0  2.991385e+03  4.384401e+03  3.671591e-01  2.830046e-01
O13  0.35669509  0.00440419  0.02517577  0.89  0.97  0.0898876404494 0  2.836238e+03  4.039704e+03  4.160568e-01  2.577937e-01
O25t  0.54429496  0.00333578 -0.01178311  0.87  0.89  0.0229885057471 2  3.235269e+03  4.100222e+03  3.424608e-01  2.338829e-01
O3  0.29700585  0.00286621  0.00259017  0.90  0.93  0.0333333333333 0  2.610156e+03  3.897572e+03  3.387604e-01  2.408022e-01
O20t  0.4461825   0.00366534  0.00439821  0.84  0.88  0.047619047619 2  3.633895e+03  4.445242e+03  4.064458e-01  2.345035e-01
O19  0.55150036  0.00311107 -0.01788694  0.87  0.92  0.0574712643678 0  2.661780e+03  4.340134e+03  3.761205e-01  2.738802e-01
L1  0.30438373  0.00348489  0.01251044  0.73  0.78  0.0684931506849 0  3.054426e+03  5.045572e+03  3.209570e-01  2.241340e-01
N5  0.29541194  0.00308501  0.00875807  0.77  0.84  0.0909090909091 0  2.630766e+03  3.775409e+03  4.428877e-01  2.843492e-01
S3  0.40098789  0.00441959  0.02500166  0.85  0.88  0.0352941176471 3  1.955938e+03  4.188396e+03  3.625153e-01  2.875533e-01
N9t  0.27208165  0.00364001  0.02132159  0.90  0.96  0.0666666666667 2  2.816299e+03  4.132406e+03  4.146084e-01  2.683910e-01
N13o  0.37865202  0.00388037  0.02388925  0.79  0.83  0.0506329113924 1  3.525765e+03  4.777569e+03  3.644731e-01  2.414291e-01
N9o  0.27208165  0.00364001  0.02132159  0.91  0.95  0.043956043956 1  2.390528e+03  4.650972e+03  3.921084e-01  2.555152e-01
L8  0.56281188  0.00355371 -0.00713875  0.80  0.86  0.075 0  2.355934e+03  4.382604e+03  4.061349e-01  2.757153e-01
O15  0.44746415  0.00292093 -0.0143296   0.85  0.90  0.0588235294118 0  2.556881e+03  3.954209e+03  3.970620e-01  2.394558e-01
O21o  0.55674834  0.0034604  -0.00257139  0.86  0.89  0.0348837209302 1  3.377872e+03  4.010346e+03  3.823756e-01  2.421654e-01
N6  0.56578101  0.00394738  0.02262315  0.82  0.88  0.0731707317073 0  3.067235e+03  3.327805e+03  3.500575e-01  2.611249e-01
N4o  0.36632676  0.00351252  0.00963017  0.80  0.84  0.05 1  3.039427e+03  5.105742e+03  3.775387e-01  1.993905e-01
N12  0.50272597  0.00341157  0.01704414  0.84  0.86  0.0238095238095 0  3.288631e+03  3.180062e+03  4.495486e-01  2.534154e-01
N3o  0.56123423  0.00389858  0.02429927  0.87 0.93  0.0689655172414 1  3.488326e+03  4.338338e+03  3.674532e-01  2.497029e-01
O23o  0.64157004  0.00419951  0.017406  0.82  0.86  0.0487804878049 1  3.377929e+03  4.248072e+03  4.175045e-01  2.531665e-01
O10  0.46344939  0.00361318  0.00716057  0.87  0.90  0.0344827586207 0  2.473565e+03  3.798437e+03  3.340909e-01  2.452658e-01
O2  0.25851544  0.00315042  0.0131129   0.95  1.01  0.0631578947368 0  3.835173e+03  4.175895e+03  4.672200e-01  2.448910e-01
