U2 0.165305266017 0.214353255586 0.111364355534 2.93364969051e-05 0.134098655823 0.104163882044 0.274075966659 0.105654281102 0.0962000016542 0.280132201555 0.00376488274041
L2 0.230021306722 0.229238821758 0.160057191792 0.000493988888877 0.0966355018486 0.147041252117 0.350868036867 0.15341274551 0.15088131245 0.396025639395 0.0075636660427
U1 0.208284577181 0.093212427973 0.0979006945448 5.87090837007e-05 0.103758759294 0.0878834314652 0.300300531366 0.0979813465117 0.0827478628882 0.16258734733 0.00559570546306
L5 0.318490666485 0.328121465093 0.216605201082 0.000285170872093 0.11485599547 0.215977161374 0.552115483744 0.214341399633 0.215858889916 0.642084589237 0.00925657719651
L6 0.377036876346 0.124694988764 0.193331999091 4.02395003334e-10 0.314105899908 0.213492926586 0.533660746857 0.19972651021 0.208518409112 0.606558432725 0.00915298931891
L7 0.474468774122 0.235128625877 0.300110826207 0.000357194072417 0.11239509191 0.296817900655 0.738734145132 0.286502136883 0.273368084507 0.746730200429 0.0104428760626
O1 0.204822972501 0.138512377921 0.138277212914 1.04618873863e-07 0.222291338499 0.120747881259 0.334369046458 0.127566969545 0.115260219992 0.305370554649 0.00647156963176
N3 0.407859743521 0.0829485233638 0.201855580754 3.62742774672e-05 0.12955429386 0.208558187349 0.596593335156 0.204076620049 0.198292045322 0.393247931704 0.00736614912485
N1 0.440052641946 0.153666578316 0.218126277745 5.92657529224e-06 0.170823810947 0.226174121003 0.618176097861 0.203450420062 0.230623740773 0.599856264692 0.00745512295868
N13 0.157278271048 0.118448044916 0.155255255852 0.00186608863669 0.0732739397332 0.135438906414 0.31485614335 0.145337949921 0.136073890458 0.373108096828 0.00362098477967
S10 0.123952670845 0.12259640487 0.109692695057 0.00124143331602 0.0739850121383 0.102121036172 0.235689660932 0.108751006957 0.0972696323242 0.249505513009 0.00331335368271
S9 0.318441066008 0.115248390316 0.17035406725 6.43983319848e-08 0.23417395127 0.167059579101 0.467006073282 0.165071237622 0.163152735338 0.477668265832 0.00712239572407
O12 0.192982236923 0.114954517994 0.116180539551 7.85985219315e-07 0.179740835116 0.123846560771 0.292162401483 0.11911557581 0.115875683435 0.221807549721 0.00433944057209
S12 0.275261035841 0.202691862407 0.0906950145009 1.81563042698e-11 0.355829642863 0.110643611325 0.346944644525 0.0882512913126 0.0988071453287 0.310996975519 0.00544446395559
N9 0.136311163624 0.0990555328759 0.115463327662 5.8037927049e-08 0.220813757994 0.118651103371 0.246373245161 0.110228108433 0.109967274164 0.224786452394 0.00242480008609
S4 0.27298058939 0.0743623469707 0.136210814345 2.91853578673e-14 0.429806164143 0.134963269306 0.402075440531 0.141241893679 0.12199826798 0.277462522574 0.00581724027574
S6 0.298683782559 0.161259165422 0.161927172319 6.73468168654e-08 0.233340783565 0.177758072009 0.451458417932 0.170373935888 0.156142475174 0.382688717901 0.00881481490996
L10 0.278559979116 0.184787443063 0.185037713407 4.87845228344e-06 0.173372581962 0.177088740212 0.448832307469 0.178453471013 0.174471754817 0.480893348559 0.00775180899232
S11 0.300489723129 0.265122703876 0.140754815681 0.000293506687699 0.112508304462 0.131500249387 0.426298657713 0.125757835062 0.129332361349 0.579322728468 0.00878773957863
O18 0.229818345458 0.122754632704 0.147757194623 6.38973889797e-07 0.196759634457 0.142612671839 0.356696060468 0.138363963942 0.143374311558 0.364026424726 0.00558657687245
S7 0.254754238923 0.0885985846927 0.150025129184 3.58364989217e-11 0.346713079998 0.156266261179 0.403592415397 0.150856392386 0.147524960942 0.370208981248 0.00510797506942
O8 0.184974900716 0.212127589281 0.125522320769 4.03634717648e-05 0.132311452572 0.138407750059 0.295585619443 0.115567437322 0.131879336531 0.343717747567 0.00557477234274
U5 0.236576776824 0.122324829066 0.127729473129 2.51572129132e-10 0.312686964523 0.107079828345 0.367010871179 0.11520828318 0.0957640765755 0.321570783786 0.00456314501135
L4 0.26328893191 0.27762489208 0.194118356605 0.000425647183031 0.105363488031 0.179184519848 0.478999533101 0.186369838009 0.169418592993 0.527260627267 0.00606187102226
N8 0.244047766431 0.164188973954 0.128892826567 1.71328049184e-06 0.183369435883 0.127706052947 0.348212973497 0.136062866932 0.115888050351 0.333647708826 0.00576357123376
S13 0.281272695028 0.0950239657481 0.140156943702 6.27953036362e-08 0.22476762539 0.135544133274 0.413008200338 0.130928262341 0.120037892202 0.380252559565 0.00648702480921
L9 0.285319088276 0.137686996107 0.202051617624 5.03467969262e-06 0.169639289122 0.195076878911 0.457947220041 0.196531928289 0.175710197002 0.45354244885 0.00893101416159
N4 0.208449314234 0.272762658319 0.149678423492 2.65452087966e-05 0.140415590994 0.132123785036 0.347930193422 0.145863075541 0.138378261361 0.363448978304 0.00299819558327
N5 0.16280414518 0.124978123048 0.128574903136 9.48638527761e-08 0.220046212223 0.127559692182 0.280202679809 0.120790338411 0.119286133156 0.277174448596 0.00467083754924
O5 0.252411990015 0.112440184205 0.108049237332 1.10054694301e-14 0.462841090079 0.101276003596 0.358011704381 0.103486974738 0.098728835881 0.298060827261 0.00347858338069
N6 0.379416438139 0.0989860543556 0.199097186467 2.17021274453e-13 0.424149288831 0.21921839767 0.548442679228 0.200418998413 0.207889465522 0.539083669884 0.00623071153203
O14 0.198752250711 0.296054305441 0.177707738079 0.000166051299815 0.118866405449 0.182414771663 0.403518132508 0.157815060216 0.177365698107 0.506535155913 0.00619112846102
S8 0.256343789911 0.0903329650781 0.131054726897 1.09496463424e-06 0.175782877229 0.140768222088 0.370816606554 0.136680407628 0.138684940108 0.279038265038 0.00492001309958
S5 0.17453338747 0.0876683268116 0.097679631998 1.66960283359e-07 0.200121233513 0.104127074662 0.272344420461 0.0998823340593 0.101021901831 0.188390263808 0.00416899506555
O22 0.227010839802 0.386650336984 0.189423444278 0.000181863330097 0.115972568882 0.19782336766 0.42696727087 0.187104724924 0.182189269828 0.528578807455 0.00733091579498
U6 0.0884039192129 0.111436646258 0.104841746131 0.000124407692445 0.111212651289 0.10002958003 0.242359201094 0.104057103912 0.0965831653828 0.25937739969 0.00409748861233
O20 0.313870480905 0.118823061071 0.153590071063 5.47337943699e-06 0.158347638411 0.165125331122 0.4446466509 0.15718611618 0.14828328677 0.364751893299 0.00682366288192
S2 0.179576206469 0.369684818816 0.153315396705 0.000200671358635 0.109108345042 0.133426204881 0.340774996889 0.146457182179 0.136209131256 0.377563746132 0.00579961037326
O11 0.157532539413 0.197523008713 0.155007368265 9.42578952e-05 0.124357687032 0.139651640226 0.336982596121 0.144729080489 0.13754915279 0.389114175221 0.00616119015665
L8 0.375362038618 0.106187957404 0.183997369443 2.2402786627e-06 0.180822743706 0.200064742378 0.526001166605 0.18742397414 0.181065958858 0.431287723186 0.00629566134418
O10 0.195676840113 0.25972860944 0.184589590141 0.000302837868316 0.108088974439 0.167835969066 0.39886210715 0.153825379621 0.172918625489 0.468327114835 0.0106541556043
O4 0.233799031006 0.173732817043 0.16342045029 0.00408576328665 0.0652402621642 0.1484878789 0.408890488251 0.156865138877 0.156913971417 0.430338000695 0.00481345106167
O7 0.245896281524 0.175312926676 0.123266489886 5.33211986655e-09 0.268570637631 0.125298892944 0.346124342739 0.128326598286 0.117889224795 0.320060371671 0.00399805947911
O6 0.263642864831 0.120828091199 0.129794529035 3.35278281825e-09 0.278756111668 0.133902072456 0.374628311299 0.121945442054 0.129231945233 0.37476183622 0.0032356594714
N12 0.347913450405 0.229570057385 0.213380260706 7.0039881924e-05 0.13058302548 0.192100667758 0.555661424212 0.193096575419 0.188505628516 0.528954891052 0.00456089516068
U3 0.270161068051 0.104519278709 0.145515517976 9.30033862409e-10 0.294777359079 0.142967119449 0.39486284488 0.138719704898 0.139524061301 0.314927492362 0.00533644072863
N10 0.213903460693 0.123317373 0.117242664635 4.19424495757e-09 0.272025572161 0.117703383882 0.31848849336 0.112760304156 0.114271753858 0.308180644018 0.0026571094638
O17 0.27361123996 0.108210358144 0.174175518226 1.22107819663e-09 0.295090364799 0.186525704049 0.436545479466 0.166776400805 0.174958643242 0.469269619465 0.00788481313197
O26 0.357026118516 0.139590154995 0.164874526828 1.29641004839e-07 0.223322046333 0.167021964912 0.515140947859 0.152813738047 0.160438690046 0.430092635885 0.0063780130748
O27 0.576433222335 0.107202663619 0.216056476676 1.31067708884e-12 0.408619405426 0.267332996616 0.747580723144 0.214054936837 0.241797118613 0.731170980996 0.0119609725047
O24 0.245513695937 0.207286768951 0.136224099234 0.000114189334142 0.1162958422 0.133942040371 0.371064209289 0.126855449392 0.128120336795 0.35314051147 0.00555967234071
S1 0.234133877832 0.0719149864185 0.149466824319 5.59878977993e-10 0.286701343497 0.140791426233 0.39179935023 0.15376621678 0.132350630882 0.307925905653 0.00787732378748
O21 0.302024180376 0.162296484188 0.214766639946 0.000631795169098 0.0940707148527 0.184792633135 0.496872920818 0.201981921501 0.181823392165 0.469449705557 0.00864115749641
O9 0.314253836426 0.0785073023292 0.147051085646 0.000103286539368 0.110013276433 0.163801619738 0.444217919854 0.157834962951 0.157772119543 0.361398368685 0.00589718744011
L1 0.185844119576 0.139840664874 0.126692787794 8.13825241277e-06 0.153879060824 0.121139021428 0.29243626898 0.120908484102 0.111709327961 0.293206588445 0.00463859226644
L3 0.177531596854 0.167651957179 0.16763776135 0.00122937186817 0.0858327259048 0.172958052313 0.328996705521 0.156226862596 0.156165224701 0.473044101201 0.00603503326884
O16 0.364265973435 0.133380042494 0.256049350605 0.00127833500986 0.0892620356934 0.218099019106 0.633412195114 0.232540556447 0.218515420052 0.656352737885 0.00824952192975
U4 0.177328213008 0.074422387103 0.0984688214793 0.0240263970191 0.0139687469642 0.0667211550928 0.275767150403 0.0986866527618 0.0932281307406 0.165381555816 0.00290877517597
O3 0.214037133372 0.170269603033 0.138126343045 1.61139648564e-05 0.142690656506 0.122072043928 0.337716043023 0.130352094733 0.117454655805 0.305464498397 0.0052478866725
O2 0.127173420547 0.261197323949 0.117351270797 7.44590794599e-05 0.118430118011 0.114441950857 0.244946867784 0.113042779768 0.110848342063 0.271873434957 0.00280645567072
N2 0.227705046609 0.242883541895 0.167153034741 0.000452147102427 0.0966537271102 0.168066798655 0.392182689982 0.151696487753 0.164938483471 0.412430469907 0.00409064962779
O15 0.148905371203 0.136655288684 0.175886686757 0.0118565749934 0.0472102246165 0.148126089388 0.356120925728 0.152378969239 0.175343675875 0.401130756373 0.00806193093856
N11 0.244692322947 0.219959729571 0.165689315559 0.000197004417162 0.111545588765 0.141691727898 0.378076974854 0.149516895762 0.147159214649 0.437752103801 0.00407749978441
O13 0.245942491919 0.0780784557754 0.119781552385 0.000227866916331 0.094203955591 0.135519119146 0.355702397892 0.120984618316 0.131527134754 0.22025320204 0.00457660935243
S3 0.260558645386 0.109701054403 0.147590089542 5.97606430845e-08 0.230026868866 0.1420634441 0.389309571021 0.140695782587 0.138833197889 0.309668523571 0.00457249266781
N14 0.182794402978 0.281505773496 0.158050528391 1.9965457891e-05 0.145828052948 0.144370246516 0.349277166403 0.145316020418 0.137346816683 0.399932174419 0.00416613560912
N7 0.147721321333 0.0940989648899 0.115091773043 0.000113483064539 0.103004708502 0.113405317464 0.256179419344 0.114005575276 0.10781170612 0.208529639667 0.00483651327903
O25 0.323260435575 0.267881067731 0.200353713007 1.2542159635e-05 0.152844573732 0.199065613306 0.499127384731 0.180854420376 0.190012433184 0.423975410904 0.00625572573205
O23 0.401964095787 0.168158813444 0.21126906848 0.0104730970546 0.0555175624314 0.18365993305 0.599167596289 0.194956341289 0.198670038894 0.569057692569 0.00892119202586
O19 0.375389857237 0.184453849273 0.20559584193 2.33984464206e-05 0.148365513422 0.205678146311 0.552087757659 0.18167030993 0.195945264649 0.497152850364 0.00597498424391
