O20o  0.4461825   0.00366534  0.00439821  0.83  0.88  0.0602409638554 1 0.313870480905 0.118823061071 0.153590071063 5.47337943699e-06 0.158347638411 0.165125331122 0.4446466509 0.15718611618 0.14828328677 0.364751893299 0.00682366288192  3.697110e+03  4.594291e+03  4.198714e-01  2.219510e-01
N9o  0.27208165  0.00364001  0.02132159  0.91  0.95  0.043956043956 1 0.136311163624 0.0990555328759 0.115463327662 5.8037927049e-08 0.220813757994 0.118651103371 0.246373245161 0.110228108433 0.109967274164 0.224786452394 0.00242480008609  2.390528e+03  4.650972e+03  3.921084e-01  2.555152e-01
N14o  0.3551609   0.0026928  -0.00961562  0.79  0.83  0.0506329113924 1 0.182794402978 0.281505773496 0.158050528391 1.9965457891e-05 0.145828052948 0.144370246516 0.349277166403 0.145316020418 0.137346816683 0.399932174419 0.00416613560912  3.571555e+03  4.517259e+03  3.795136e-01  2.336046e-01
S9  0.4625574   0.00406027  0.02464168  0.85  0.88  0.0352941176471 3 0.318441066008 0.115248390316 0.17035406725 6.43983319848e-08 0.23417395127 0.167059579101 0.467006073282 0.165071237622 0.163152735338 0.477668265832 0.00712239572407  2.508147e+03  3.768225e+03  3.116576e-01  2.560718e-01
N6t  0.56578101  0.00394738  0.02262315  0.81  0.85  0.0493827160494 2 0.379416438139 0.0989860543556 0.199097186467 2.17021274453e-13 0.424149288831 0.21921839767 0.548442679228 0.200418998413 0.207889465522 0.539083669884 0.00623071153203  3.079732e+03  4.192727e+03  3.413137e-01  2.815292e-01
O21  0.55674834  0.0034604  -0.00257139  0.85  0.91  0.0705882352941 0 0.302024180376 0.162296484188 0.214766639946 0.000631795169098 0.0940707148527 0.184792633135 0.496872920818 0.201981921501 0.181823392165 0.469449705557 0.00864115749641  2.690404e+03  4.009622e+03  3.948245e-01  2.448850e-01
L1  0.30438373  0.00348489  0.01251044  0.73  0.78  0.0684931506849 0 0.185844119576 0.139840664874 0.126692787794 8.13825241277e-06 0.153879060824 0.121139021428 0.29243626898 0.120908484102 0.111709327961 0.293206588445 0.00463859226644  3.054426e+03  5.045572e+03  3.209570e-01  2.241340e-01
O8o  0.33485063  0.00402478  0.02020739  0.92  0.97  0.054347826087 1 0.184974900716 0.212127589281 0.125522320769 4.03634717648e-05 0.132311452572 0.138407750059 0.295585619443 0.115567437322 0.131879336531 0.343717747567 0.00557477234274  3.365744e+03  4.715708e+03  3.366642e-01  2.574073e-01
N5o  0.29541194  0.00308501  0.00875807  0.76  0.80  0.0526315789474 1 0.16280414518 0.124978123048 0.128574903136 9.48638527761e-08 0.220046212223 0.127559692182 0.280202679809 0.120790338411 0.119286133156 0.277174448596 0.00467083754924  3.632220e+03  5.275117e+03  3.604650e-01  2.126517e-01
O19  0.55150036  0.00311107 -0.01788694  0.87  0.92  0.0574712643678 0 0.375389857237 0.184453849273 0.20559584193 2.33984464206e-05 0.148365513422 0.205678146311 0.552087757659 0.18167030993 0.195945264649 0.497152850364 0.00597498424391  2.661780e+03  4.340134e+03  3.761205e-01  2.738802e-01
O24o  0.36786172  0.00372889  0.0119595  0.88  0.91  0.0340909090909 1 0.245513695937 0.207286768951 0.136224099234 0.000114189334142 0.1162958422 0.133942040371 0.371064209289 0.126855449392 0.128120336795 0.35314051147 0.00555967234071  3.848349e+03  4.661593e+03  4.026465e-01  2.302646e-01
N5t  0.29541194  0.00308501  0.00875807  0.75  0.81  0.08 2 0.16280414518 0.124978123048 0.128574903136 9.48638527761e-08 0.220046212223 0.127559692182 0.280202679809 0.120790338411 0.119286133156 0.277174448596 0.00467083754924  3.569484e+03  5.192774e+03  3.723941e-01  2.184171e-01
O12  0.28847923  0.0035385   0.01613263  0.82  0.92  0.121951219512 0 0.192982236923 0.114954517994 0.116180539551 7.85985219315e-07 0.179740835116 0.123846560771 0.292162401483 0.11911557581 0.115875683435 0.221807549721 0.00433944057209  2.102940e+03  4.177608e+03  3.067221e-01  2.557171e-01
O16  0.71091724  0.003988    0.00756109  0.89  0.92  0.0337078651685 0 0.364265973435 0.133380042494 0.256049350605 0.00127833500986 0.0892620356934 0.218099019106 0.633412195114 0.232540556447 0.218515420052 0.656352737885 0.00824952192975  2.674357e+03  3.724296e+03  4.056436e-01  2.421955e-01
O21o  0.55674834  0.0034604  -0.00257139  0.86  0.89  0.0348837209302 1 0.302024180376 0.162296484188 0.214766639946 0.000631795169098 0.0940707148527 0.184792633135 0.496872920818 0.201981921501 0.181823392165 0.469449705557 0.00864115749641  3.377872e+03  4.010346e+03  3.823756e-01  2.421654e-01
O10  0.46344939  0.00361318  0.00716057  0.87  0.90  0.0344827586207 0 0.195676840113 0.25972860944 0.184589590141 0.000302837868316 0.108088974439 0.167835969066 0.39886210715 0.153825379621 0.172918625489 0.468327114835 0.0106541556043  2.473565e+03  3.798437e+03  3.340909e-01  2.452658e-01
L2  0.42485449  0.00399869  0.01472142  0.84  0.94  0.119047619048 0 0.230021306722 0.229238821758 0.160057191792 0.000493988888877 0.0966355018486 0.147041252117 0.350868036867 0.15341274551 0.15088131245 0.396025639395 0.0075636660427  3.783021e+03  5.194519e+03  3.808529e-01  2.136780e-01
N12o  0.50272597  0.00341157  0.01704414  0.84  0.87  0.0357142857143 1 0.347913450405 0.229570057385 0.213380260706 7.0039881924e-05 0.13058302548 0.192100667758 0.555661424212 0.193096575419 0.188505628516 0.528954891052 0.00456089516068  1.983051e+03  3.776479e+03  3.390987e-01  2.502284e-01
L7  0.81350566  0.00258173 -0.0731416  0.84  0.90  0.0714285714286 0 0.474468774122 0.235128625877 0.300110826207 0.000357194072417 0.11239509191 0.296817900655 0.738734145132 0.286502136883 0.273368084507 0.746730200429 0.0104428760626  3.443483e+03  5.031700e+03  3.499000e-01  2.338561e-01
L5  0.68637391  0.00464438  0.02262286  0.82  0.88  0.0731707317073 0 0.318490666485 0.328121465093 0.216605201082 0.000285170872093 0.11485599547 0.215977161374 0.552115483744 0.214341399633 0.215858889916 0.642084589237 0.00925657719651  3.478882e+03  4.558737e+03  3.458511e-01  2.245540e-01
L9  0.51218164  0.00319145 -0.00366112  0.77  0.83  0.0779220779221 0 0.285319088276 0.137686996107 0.202051617624 5.03467969262e-06 0.169639289122 0.195076878911 0.457947220041 0.196531928289 0.175710197002 0.45354244885 0.00893101416159  3.573019e+03  5.159786e+03  3.359430e-01  2.301906e-01
O17  0.47262616  0.00322292 -0.00460573  0.86  0.91  0.0581395348837 0 0.27361123996 0.108210358144 0.174175518226 1.22107819663e-09 0.295090364799 0.186525704049 0.436545479466 0.166776400805 0.174958643242 0.469269619465 0.00788481313197  2.656561e+03  3.589444e+03  3.635668e-01  2.202214e-01
N3t  0.56123423  0.00389858  0.02429927  0.90 0.95  0.0555555555556 2 0.407859743521 0.0829485233638 0.201855580754 3.62742774672e-05 0.12955429386 0.208558187349 0.596593335156 0.204076620049 0.198292045322 0.393247931704 0.00736614912485  3.609641e+03  4.304341e+03  3.719334e-01  2.593118e-01
N8t  0.32375264  0.00402803  0.02595953  0.81  0.85  0.0493827160494 2 0.244047766431 0.164188973954 0.128892826567 1.71328049184e-06 0.183369435883 0.127706052947 0.348212973497 0.136062866932 0.115888050351 0.333647708826 0.00576357123376  4.027794e+03  4.386888e+03  3.600229e-01  2.301829e-01
O2  0.25851544  0.00315042  0.0131129   0.95  1.01  0.0631578947368 0 0.127173420547 0.261197323949 0.117351270797 7.44590794599e-05 0.118430118011 0.114441950857 0.244946867784 0.113042779768 0.110848342063 0.271873434957 0.00280645567072  3.835173e+03  4.175895e+03  4.672200e-01  2.448910e-01
L3  0.50505079  0.00417668  0.01460348  0.79  0.82  0.0379746835443 0 0.177531596854 0.167651957179 0.16763776135 0.00122937186817 0.0858327259048 0.172958052313 0.328996705521 0.156226862596 0.156165224701 0.473044101201 0.00603503326884  3.479045e+03  5.090330e+03  3.615296e-01  2.177954e-01
N13t  0.37865202  0.00388037  0.02388925  0.79  0.83  0.0506329113924 2 0.157278271048 0.118448044916 0.155255255852 0.00186608863669 0.0732739397332 0.135438906414 0.31485614335 0.145337949921 0.136073890458 0.373108096828 0.00362098477967  3.643035e+03  4.488773e+03  3.647581e-01  2.415152e-01
U2  0.23445603  0.00343772  0.02109684  0.83  0.85  0.0240963855422 4 0.165305266017 0.214353255586 0.111364355534 2.93364969051e-05 0.134098655823 0.104163882044 0.274075966659 0.105654281102 0.0962000016542 0.280132201555 0.00376488274041  2.363285e+03  4.327883e+03  3.585638e-01  2.803844e-01
O20  0.4461825   0.00366534  0.00439821  0.79  0.88  0.113924050633 0 0.313870480905 0.118823061071 0.153590071063 5.47337943699e-06 0.158347638411 0.165125331122 0.4446466509 0.15718611618 0.14828328677 0.364751893299 0.00682366288192  3.479479e+03  3.996764e+03  3.287344e-01  2.583216e-01
O5  0.27997182  0.00500033  0.03485466  0.76  0.79  0.0394736842105 0 0.252411990015 0.112440184205 0.108049237332 1.10054694301e-14 0.462841090079 0.101276003596 0.358011704381 0.103486974738 0.098728835881 0.298060827261 0.00347858338069  2.775101e+03  4.349766e+03  4.204824e-01  2.167093e-01
S1  0.39647212  0.00446739  0.02648428  0.91  0.92  0.010989010989 3 0.234133877832 0.0719149864185 0.149466824319 5.59878977993e-10 0.286701343497 0.140791426233 0.39179935023 0.15376621678 0.132350630882 0.307925905653 0.00787732378748  2.623427e+03  3.985478e+03  3.902721e-01  2.375556e-01
N5  0.29541194  0.00308501  0.00875807  0.77  0.84  0.0909090909091 0 0.16280414518 0.124978123048 0.128574903136 9.48638527761e-08 0.220046212223 0.127559692182 0.280202679809 0.120790338411 0.119286133156 0.277174448596 0.00467083754924  2.630766e+03  3.775409e+03  4.428877e-01  2.843492e-01
N3o  0.56123423  0.00389858  0.02429927  0.87 0.93  0.0689655172414 1 0.407859743521 0.0829485233638 0.201855580754 3.62742774672e-05 0.12955429386 0.208558187349 0.596593335156 0.204076620049 0.198292045322 0.393247931704 0.00736614912485  3.488326e+03  4.338338e+03  3.674532e-01  2.497029e-01
N1  0.61136524  0.00436026  0.04026837  0.72  0.75  0.0416666666667 0 0.440052641946 0.153666578316 0.218126277745 5.92657529224e-06 0.170823810947 0.226174121003 0.618176097861 0.203450420062 0.230623740773 0.599856264692 0.00745512295868  2.608153e+03  3.633639e+03  3.364019e-01  2.816106e-01
O19t  0.55150036  0.00311107 -0.01788694  0.86  0.92  0.0697674418605 2 0.375389857237 0.184453849273 0.20559584193 2.33984464206e-05 0.148365513422 0.205678146311 0.552087757659 0.18167030993 0.195945264649 0.497152850364 0.00597498424391  2.765057e+03  4.172855e+03  3.671338e-01  2.637270e-01
N6o  0.56578101  0.00394738  0.02262315  0.80  0.85  0.0625 1 0.379416438139 0.0989860543556 0.199097186467 2.17021274453e-13 0.424149288831 0.21921839767 0.548442679228 0.200418998413 0.207889465522 0.539083669884 0.00623071153203  2.940464e+03  4.675981e+03  3.509176e-01  2.401672e-01
O18o  0.39708     0.00384055  0.01293716  0.80  0.83  0.0375 1 0.229818345458 0.122754632704 0.147757194623 6.38973889797e-07 0.196759634457 0.142612671839 0.356696060468 0.138363963942 0.143374311558 0.364026424726 0.00558657687245  3.098750e+03  4.253677e+03  3.632055e-01  2.679693e-01
O27o  0.75651805  0.00436842  0.01592212  0.86  0.90  0.046511627907 1 0.576433222335 0.107202663619 0.216056476676 1.31067708884e-12 0.408619405426 0.267332996616 0.747580723144 0.214054936837 0.241797118613 0.731170980996 0.0119609725047  2.311629e+03  3.763720e+03  3.572898e-01  2.655115e-01
S3  0.40098789  0.00441959  0.02500166  0.85  0.88  0.0352941176471 3 0.260558645386 0.109701054403 0.147590089542 5.97606430845e-08 0.230026868866 0.1420634441 0.389309571021 0.140695782587 0.138833197889 0.309668523571 0.00457249266781  1.955938e+03  4.188396e+03  3.625153e-01  2.875533e-01
O27t  0.75651805  0.00436842  0.01592212  0.87  0.90  0.0344827586207 2 0.576433222335 0.107202663619 0.216056476676 1.31067708884e-12 0.408619405426 0.267332996616 0.747580723144 0.214054936837 0.241797118613 0.731170980996 0.0119609725047  2.457396e+03  4.133401e+03  3.511373e-01  2.695383e-01
N4o  0.36632676  0.00351252  0.00963017  0.80  0.84  0.05 1 0.208449314234 0.272762658319 0.149678423492 2.65452087966e-05 0.140415590994 0.132123785036 0.347930193422 0.145863075541 0.138378261361 0.363448978304 0.00299819558327  3.039427e+03  5.105742e+03  3.775387e-01  1.993905e-01
N11  0.42998426  0.00434756  0.02492862  0.89  0.93  0.0449438202247 0 0.244692322947 0.219959729571 0.165689315559 0.000197004417162 0.111545588765 0.141691727898 0.378076974854 0.149516895762 0.147159214649 0.437752103801 0.00407749978441  3.256816e+03  3.496201e+03  3.348596e-01  2.575654e-01
O23  0.64157004  0.00419951  0.017406  0.82  0.86  0.0487804878049 0 0.401964095787 0.168158813444 0.21126906848 0.0104730970546 0.0555175624314 0.18365993305 0.599167596289 0.194956341289 0.198670038894 0.569057692569 0.00892119202586  2.956327e+03  4.481484e+03  4.150950e-01  2.582855e-01
O6  0.38582837  0.00494164  0.02948025  0.94  1.00  0.063829787234 0 0.263642864831 0.120828091199 0.129794529035 3.35278281825e-09 0.278756111668 0.133902072456 0.374628311299 0.121945442054 0.129231945233 0.37476183622 0.0032356594714  2.092350e+03  4.215167e+03  3.861392e-01  2.620812e-01
O25  0.54429496  0.00333578 -0.01178311  0.85  0.92  0.0823529411765 0 0.323260435575 0.267881067731 0.200353713007 1.2542159635e-05 0.152844573732 0.199065613306 0.499127384731 0.180854420376 0.190012433184 0.423975410904 0.00625572573205  2.991385e+03  4.384401e+03  3.671591e-01  2.830046e-01
O15  0.44746415  0.00292093 -0.0143296   0.85  0.90  0.0588235294118 0 0.148905371203 0.136655288684 0.175886686757 0.0118565749934 0.0472102246165 0.148126089388 0.356120925728 0.152378969239 0.175343675875 0.401130756373 0.00806193093856  2.556881e+03  3.954209e+03  3.970620e-01  2.394558e-01
O19o  0.55150036  0.00311107 -0.01788694  0.86  0.92  0.0697674418605 1 0.375389857237 0.184453849273 0.20559584193 2.33984464206e-05 0.148365513422 0.205678146311 0.552087757659 0.18167030993 0.195945264649 0.497152850364 0.00597498424391  3.110530e+03  4.384031e+03  3.832106e-01  2.533372e-01
N7o  0.25542317  0.003115    0.01497096  0.84  0.90  0.0714285714286 1 0.147721321333 0.0940989648899 0.115091773043 0.000113483064539 0.103004708502 0.113405317464 0.256179419344 0.114005575276 0.10781170612 0.208529639667 0.00483651327903  4.038920e+03  4.945429e+03  4.181423e-01  2.134207e-01
O25t  0.54429496  0.00333578 -0.01178311  0.87  0.89  0.0229885057471 2 0.323260435575 0.267881067731 0.200353713007 1.2542159635e-05 0.152844573732 0.199065613306 0.499127384731 0.180854420376 0.190012433184 0.423975410904 0.00625572573205  3.235269e+03  4.100222e+03  3.424608e-01  2.338829e-01
O27  0.75651805  0.00436842  0.01592212  0.86  0.91  0.0581395348837 0 0.576433222335 0.107202663619 0.216056476676 1.31067708884e-12 0.408619405426 0.267332996616 0.747580723144 0.214054936837 0.241797118613 0.731170980996 0.0119609725047  2.849389e+03  4.218666e+03  3.941052e-01  2.587964e-01
S13 0.35595174  0.00427757  0.02766931  0.88  0.96  0.0909090909091 3 0.281272695028 0.0950239657481 0.140156943702 6.27953036362e-08 0.22476762539 0.135544133274 0.413008200338 0.130928262341 0.120037892202 0.380252559565 0.00648702480921  2.847198e+03  3.983306e+03  3.333608e-01  2.415965e-01
O22t  0.55221395  0.00362443 -0.00484885  0.83  0.87  0.0481927710843 2 0.227010839802 0.386650336984 0.189423444278 0.000181863330097 0.115972568882 0.19782336766 0.42696727087 0.187104724924 0.182189269828 0.528578807455 0.00733091579498  3.022398e+03  3.720279e+03  4.201461e-01  2.674032e-01
N2o  0.42857277  0.00304434 -0.00358304  0.92  0.98  0.0652173913043 1 0.227705046609 0.242883541895 0.167153034741 0.000452147102427 0.0966537271102 0.168066798655 0.392182689982 0.151696487753 0.164938483471 0.412430469907 0.00409064962779  2.500668e+03  4.189712e+03  3.871497e-01  2.546036e-01
O26  0.47616811  0.0042569   0.01935778  0.91  0.98  0.0769230769231 0 0.357026118516 0.139590154995 0.164874526828 1.29641004839e-07 0.223322046333 0.167021964912 0.515140947859 0.152813738047 0.160438690046 0.430092635885 0.0063780130748  2.590490e+03  4.307465e+03  3.423283e-01  2.657033e-01
N12t  0.50272597  0.00341157  0.01704414  0.84  0.87  0.0357142857143 2 0.347913450405 0.229570057385 0.213380260706 7.0039881924e-05 0.13058302548 0.192100667758 0.555661424212 0.193096575419 0.188505628516 0.528954891052 0.00456089516068  2.704173e+03  4.082067e+03  4.025637e-01  2.475751e-01
L4  0.53603925  0.00398534  0.01481729  0.91  0.97  0.0659340659341 0 0.26328893191 0.27762489208 0.194118356605 0.000425647183031 0.105363488031 0.179184519848 0.478999533101 0.186369838009 0.169418592993 0.527260627267 0.00606187102226  2.878750e+03  3.931715e+03  3.518263e-01  2.603662e-01
O14  0.50037715  0.0040006   0.01362632  0.88  0.92  0.0454545454545 0 0.198752250711 0.296054305441 0.177707738079 0.000166051299815 0.118866405449 0.182414771663 0.403518132508 0.157815060216 0.177365698107 0.506535155913 0.00619112846102  2.821315e+03  4.450307e+03  4.075186e-01  2.674113e-01
O8  0.33485063  0.00402478  0.02020739  0.94  1.00  0.063829787234 0 0.184974900716 0.212127589281 0.125522320769 4.03634717648e-05 0.132311452572 0.138407750059 0.295585619443 0.115567437322 0.131879336531 0.343717747567 0.00557477234274  4.013340e+03  4.202855e+03  3.453377e-01  2.797312e-01
N8o  0.32375264  0.00402803  0.02595953  0.80  0.84  0.05 1 0.244047766431 0.164188973954 0.128892826567 1.71328049184e-06 0.183369435883 0.127706052947 0.348212973497 0.136062866932 0.115888050351 0.333647708826 0.00576357123376  3.614317e+03  4.659688e+03  3.893780e-01  2.371439e-01
N1t  0.61136524  0.00436026  0.04026837  0.71  0.76  0.0704225352113 2 0.440052641946 0.153666578316 0.218126277745 5.92657529224e-06 0.170823810947 0.226174121003 0.618176097861 0.203450420062 0.230623740773 0.599856264692 0.00745512295868  2.853112e+03  4.604943e+03  4.065970e-01  2.386424e-01
O24  0.36786172  0.00372889  0.0119595  0.88  0.93  0.0568181818182 0 0.245513695937 0.207286768951 0.136224099234 0.000114189334142 0.1162958422 0.133942040371 0.371064209289 0.126855449392 0.128120336795 0.35314051147 0.00555967234071  3.202006e+03  4.354624e+03  3.440492e-01  2.670996e-01
O23o  0.64157004  0.00419951  0.017406  0.82  0.86  0.0487804878049 1 0.401964095787 0.168158813444 0.21126906848 0.0104730970546 0.0555175624314 0.18365993305 0.599167596289 0.194956341289 0.198670038894 0.569057692569 0.00892119202586  3.377929e+03  4.248072e+03  4.175045e-01  2.531665e-01
O26o  0.47616811  0.0042569   0.01935778  0.91  0.95  0.043956043956 1 0.357026118516 0.139590154995 0.164874526828 1.29641004839e-07 0.223322046333 0.167021964912 0.515140947859 0.152813738047 0.160438690046 0.430092635885 0.0063780130748  2.849893e+03  3.931948e+03  3.998658e-01  2.443613e-01
S4  0.38871578  0.00475593  0.02765906  0.91  0.94  0.032967032967 3 0.27298058939 0.0743623469707 0.136210814345 2.91853578673e-14 0.429806164143 0.134963269306 0.402075440531 0.141241893679 0.12199826798 0.277462522574 0.00581724027574  3.194629e+03  3.191810e+03  3.650638e-01  2.375747e-01
N11t  0.42998426  0.00434756  0.02492862  0.90  0.94  0.0444444444444 2 0.244692322947 0.219959729571 0.165689315559 0.000197004417162 0.111545588765 0.141691727898 0.378076974854 0.149516895762 0.147159214649 0.437752103801 0.00407749978441  3.199658e+03  3.479794e+03  3.509729e-01  2.531736e-01
S5  0.23962949  0.00456987  0.03194034  0.83  0.86  0.0361445783133 3 0.17453338747 0.0876683268116 0.097679631998 1.66960283359e-07 0.200121233513 0.104127074662 0.272344420461 0.0998823340593 0.101021901831 0.188390263808 0.00416899506555  1.969146e+03  3.851595e+03  3.759541e-01  2.342193e-01
O4  0.38636046  0.00336213  0.01981431  0.82  0.87  0.0609756097561 0 0.233799031006 0.173732817043 0.16342045029 0.00408576328665 0.0652402621642 0.1484878789 0.408890488251 0.156865138877 0.156913971417 0.430338000695 0.00481345106167  2.011104e+03  4.548095e+03  4.269711e-01  2.892490e-01
O22  0.55221395  0.00362443 -0.00484885  0.82  0.89  0.0853658536585 0 0.227010839802 0.386650336984 0.189423444278 0.000181863330097 0.115972568882 0.19782336766 0.42696727087 0.187104724924 0.182189269828 0.528578807455 0.00733091579498  3.100515e+03  4.754803e+03  3.921289e-01  2.480165e-01
O24t  0.36786172  0.00372889  0.0119595  0.87  0.92  0.0574712643678 2 0.245513695937 0.207286768951 0.136224099234 0.000114189334142 0.1162958422 0.133942040371 0.371064209289 0.126855449392 0.128120336795 0.35314051147 0.00555967234071  2.657427e+03  4.077672e+03  3.845832e-01  2.246728e-01
N14  0.3551609   0.0026928  -0.00961562  0.80  0.84  0.05 0 0.182794402978 0.281505773496 0.158050528391 1.9965457891e-05 0.145828052948 0.144370246516 0.349277166403 0.145316020418 0.137346816683 0.399932174419 0.00416613560912  2.262096e+03  3.700583e+03  3.395639e-01  2.512949e-01
N12  0.50272597  0.00341157  0.01704414  0.84  0.86  0.0238095238095 0 0.347913450405 0.229570057385 0.213380260706 7.0039881924e-05 0.13058302548 0.192100667758 0.555661424212 0.193096575419 0.188505628516 0.528954891052 0.00456089516068  3.288631e+03  3.180062e+03  4.495486e-01  2.534154e-01
U5  0.27116286  0.00436828  0.03423647  0.83  0.85  0.0240963855422 4 0.236576776824 0.122324829066 0.127729473129 2.51572129132e-10 0.312686964523 0.107079828345 0.367010871179 0.11520828318 0.0957640765755 0.321570783786 0.00456314501135  2.786841e+03  3.139285e+03  4.000319e-01  2.532131e-01
O26t  0.47616811  0.0042569   0.01935778  0.91  0.96  0.0549450549451 2 0.357026118516 0.139590154995 0.164874526828 1.29641004839e-07 0.223322046333 0.167021964912 0.515140947859 0.152813738047 0.160438690046 0.430092635885 0.0063780130748  2.566030e+03  3.879646e+03  3.883291e-01  2.582995e-01
O22o  0.55221395  0.00362443 -0.00484885  0.82  0.88  0.0731707317073 1 0.227010839802 0.386650336984 0.189423444278 0.000181863330097 0.115972568882 0.19782336766 0.42696727087 0.187104724924 0.182189269828 0.528578807455 0.00733091579498  3.203842e+03  4.375799e+03  3.244964e-01  2.468511e-01
U4  0.23744311  0.00425761  0.02811389  0.83  0.85  0.0240963855422 4 0.177328213008 0.074422387103 0.0984688214793 0.0240263970191 0.0139687469642 0.0667211550928 0.275767150403 0.0986866527618 0.0932281307406 0.165381555816 0.00290877517597  3.331957e+03  3.826096e+03  4.374446e-01  2.342928e-01
N2  0.42857277  0.00304434 -0.00358304  0.95  1.00  0.0526315789474 0 0.227705046609 0.242883541895 0.167153034741 0.000452147102427 0.0966537271102 0.168066798655 0.392182689982 0.151696487753 0.164938483471 0.412430469907 0.00409064962779  3.254726e+03  3.651435e+03  4.073377e-01  2.925498e-01
N4t  0.36632676  0.00351252  0.00963017  0.81  0.84  0.037037037037 2 0.208449314234 0.272762658319 0.149678423492 2.65452087966e-05 0.140415590994 0.132123785036 0.347930193422 0.145863075541 0.138378261361 0.363448978304 0.00299819558327  3.572357e+03  5.334667e+03  3.656714e-01  2.001854e-01
O13  0.35669509  0.00440419  0.02517577  0.89  0.97  0.0898876404494 0 0.245942491919 0.0780784557754 0.119781552385 0.000227866916331 0.094203955591 0.135519119146 0.355702397892 0.120984618316 0.131527134754 0.22025320204 0.00457660935243  2.836238e+03  4.039704e+03  4.160568e-01  2.577937e-01
O1  0.31311331  0.00313045  0.00614129  0.81  0.86  0.0617283950617 0 0.204822972501 0.138512377921 0.138277212914 1.04618873863e-07 0.222291338499 0.120747881259 0.334369046458 0.127566969545 0.115260219992 0.305370554649 0.00647156963176  2.792096e+03  3.670840e+03  3.891040e-01  2.492479e-01
O21t  0.55674834  0.0034604  -0.00257139  0.85  0.90  0.0588235294118 2 0.302024180376 0.162296484188 0.214766639946 0.000631795169098 0.0940707148527 0.184792633135 0.496872920818 0.201981921501 0.181823392165 0.469449705557 0.00864115749641  2.804107e+03  3.734536e+03  3.597543e-01  2.452027e-01
O20t  0.4461825   0.00366534  0.00439821  0.84  0.88  0.047619047619 2 0.313870480905 0.118823061071 0.153590071063 5.47337943699e-06 0.158347638411 0.165125331122 0.4446466509 0.15718611618 0.14828328677 0.364751893299 0.00682366288192  3.633895e+03  4.445242e+03  4.064458e-01  2.345035e-01
S12  0.27766624  0.00639918  0.04321865  0.84  0.86  0.0238095238095 3 0.275261035841 0.202691862407 0.0906950145009 1.81563042698e-11 0.355829642863 0.110643611325 0.346944644525 0.0882512913126 0.0988071453287 0.310996975519 0.00544446395559  3.030840e+03  4.497270e+03  3.391729e-01  2.907715e-01
N6  0.56578101  0.00394738  0.02262315  0.82  0.88  0.0731707317073 0 0.379416438139 0.0989860543556 0.199097186467 2.17021274453e-13 0.424149288831 0.21921839767 0.548442679228 0.200418998413 0.207889465522 0.539083669884 0.00623071153203  3.067235e+03  3.327805e+03  3.500575e-01  2.611249e-01
L6  0.5558996   0.00301579 -0.02613183  0.72  0.79  0.0972222222222 0 0.377036876346 0.124694988764 0.193331999091 4.02395003334e-10 0.314105899908 0.213492926586 0.533660746857 0.19972651021 0.208518409112 0.606558432725 0.00915298931891  3.004313e+03  4.844507e+03  3.510822e-01  2.829432e-01
N1o  0.61136524  0.00436026  0.04026837  0.70  0.75  0.0714285714286 1 0.440052641946 0.153666578316 0.218126277745 5.92657529224e-06 0.170823810947 0.226174121003 0.618176097861 0.203450420062 0.230623740773 0.599856264692 0.00745512295868  3.358117e+03  4.580717e+03  4.205840e-01  2.820988e-01
L10  0.47980458  0.00339583 -0.00089593  0.84  0.88  0.047619047619 0 0.278559979116 0.184787443063 0.185037713407 4.87845228344e-06 0.173372581962 0.177088740212 0.448832307469 0.178453471013 0.174471754817 0.480893348559 0.00775180899232  3.718291e+03  4.649176e+03  3.518994e-01  2.258740e-01
N10t  0.27614297  0.00385099  0.02537369  0.79  0.83  0.0506329113924 2 0.213903460693 0.123317373 0.117242664635 4.19424495757e-09 0.272025572161 0.117703383882 0.31848849336 0.112760304156 0.114271753858 0.308180644018 0.0026571094638  3.295503e+03  4.398316e+03  3.499394e-01  2.649455e-01
O23t  0.64157004  0.00419951  0.017406  0.82  0.86  0.0487804878049 2 0.401964095787 0.168158813444 0.21126906848 0.0104730970546 0.0555175624314 0.18365993305 0.599167596289 0.194956341289 0.198670038894 0.569057692569 0.00892119202586  3.946830e+03  4.103664e+03  3.817960e-01  2.598718e-01
S11  0.42946128  0.00551507  0.03741806  0.80  0.83  0.0375 3 0.300489723129 0.265122703876 0.140754815681 0.000293506687699 0.112508304462 0.131500249387 0.426298657713 0.125757835062 0.129332361349 0.579322728468 0.00878773957863  2.161504e+03  4.104738e+03  3.372286e-01  2.228732e-01
N7  0.25542317  0.003115    0.01497096  0.85  0.96  0.129411764706 0 0.147721321333 0.0940989648899 0.115091773043 0.000113483064539 0.103004708502 0.113405317464 0.256179419344 0.114005575276 0.10781170612 0.208529639667 0.00483651327903  2.476198e+03  3.620058e+03  3.512153e-01  2.460707e-01
O11  0.407236    0.0039318   0.01233864  0.84  0.88  0.047619047619 0 0.157532539413 0.197523008713 0.155007368265 9.42578952e-05 0.124357687032 0.139651640226 0.336982596121 0.144729080489 0.13754915279 0.389114175221 0.00616119015665  1.990081e+03  3.204668e+03  3.153539e-01  2.526472e-01
O18  0.39708     0.00384055  0.01293716  0.81  0.84  0.037037037037 0 0.229818345458 0.122754632704 0.147757194623 6.38973889797e-07 0.196759634457 0.142612671839 0.356696060468 0.138363963942 0.143374311558 0.364026424726 0.00558657687245  3.652365e+03  4.642946e+03  3.749892e-01  2.129246e-01
U6  0.25340472  0.0047503   0.03400938  0.83  0.85  0.0240963855422 4 0.0884039192129 0.111436646258 0.104841746131 0.000124407692445 0.111212651289 0.10002958003 0.242359201094 0.104057103912 0.0965831653828 0.25937739969 0.00409748861233  2.312078e+03  4.481194e+03  3.417172e-01  2.708177e-01
O7  0.30187814  0.00442044  0.03360955  0.90  0.96  0.0666666666667 0 0.245896281524 0.175312926676 0.123266489886 5.33211986655e-09 0.268570637631 0.125298892944 0.346124342739 0.128326598286 0.117889224795 0.320060371671 0.00399805947911  2.806650e+03  3.687031e+03  4.004874e-01  2.516439e-01
S8  0.37594579  0.00449682  0.02760145  0.88  0.95  0.0795454545455 3 0.256343789911 0.0903329650781 0.131054726897 1.09496463424e-06 0.175782877229 0.140768222088 0.370816606554 0.136680407628 0.138684940108 0.279038265038 0.00492001309958  2.607047e+03  3.162285e+03  3.599041e-01  2.400147e-01
U3  0.39542561  0.00463563  0.03304037  0.83  0.85  0.0240963855422 4 0.270161068051 0.104519278709 0.145515517976 9.30033862409e-10 0.294777359079 0.142967119449 0.39486284488 0.138719704898 0.139524061301 0.314927492362 0.00533644072863  2.238782e+03  3.799129e+03  3.820693e-01  2.511259e-01
N10  0.27614297  0.00385099  0.02537369  0.79  0.85  0.0759493670886 0 0.213903460693 0.123317373 0.117242664635 4.19424495757e-09 0.272025572161 0.117703383882 0.31848849336 0.112760304156 0.114271753858 0.308180644018 0.0026571094638  2.665458e+03  4.043543e+03  3.578480e-01  2.393134e-01
N4  0.36632676  0.00351252  0.00963017  0.83  0.88  0.0602409638554 0 0.208449314234 0.272762658319 0.149678423492 2.65452087966e-05 0.140415590994 0.132123785036 0.347930193422 0.145863075541 0.138378261361 0.363448978304 0.00299819558327  2.167993e+03  4.184476e+03  3.728231e-01  2.569706e-01
N8  0.32375264  0.00402803  0.02595953  0.85  0.92  0.0823529411765 0 0.244047766431 0.164188973954 0.128892826567 1.71328049184e-06 0.183369435883 0.127706052947 0.348212973497 0.136062866932 0.115888050351 0.333647708826 0.00576357123376  3.191574e+03  3.024203e+03  3.800580e-01  2.446405e-01
L8  0.56281188  0.00355371 -0.00713875  0.80  0.86  0.075 0 0.375362038618 0.106187957404 0.183997369443 2.2402786627e-06 0.180822743706 0.200064742378 0.526001166605 0.18742397414 0.181065958858 0.431287723186 0.00629566134418  2.355934e+03  4.382604e+03  4.061349e-01  2.757153e-01
O18t  0.39708     0.00384055  0.01293716  0.81  0.83  0.0246913580247 2 0.229818345458 0.122754632704 0.147757194623 6.38973889797e-07 0.196759634457 0.142612671839 0.356696060468 0.138363963942 0.143374311558 0.364026424726 0.00558657687245  3.432732e+03  4.261142e+03  3.384015e-01  2.436298e-01
N11o  0.42998426  0.00434756  0.02492862  0.88  0.92  0.0454545454545 1 0.244692322947 0.219959729571 0.165689315559 0.000197004417162 0.111545588765 0.141691727898 0.378076974854 0.149516895762 0.147159214649 0.437752103801 0.00407749978441  2.975230e+03  3.728444e+03  3.566606e-01  2.537262e-01
O25o  0.54429496  0.00333578 -0.01178311  0.87  0.88  0.0114942528736 1 0.323260435575 0.267881067731 0.200353713007 1.2542159635e-05 0.152844573732 0.199065613306 0.499127384731 0.180854420376 0.190012433184 0.423975410904 0.00625572573205  3.065679e+03  4.622139e+03  3.705568e-01  2.303728e-01
S6  0.45923965  0.00357429  0.00623756  0.81  0.86  0.0617283950617 3 0.298683782559 0.161259165422 0.161927172319 6.73468168654e-08 0.233340783565 0.177758072009 0.451458417932 0.170373935888 0.156142475174 0.382688717901 0.00881481490996  2.244399e+03  3.642187e+03  3.581986e-01  2.551573e-01
S10  0.25671399  0.00363439  0.0190835  0.83  0.87  0.0481927710843 3 0.123952670845 0.12259640487 0.109692695057 0.00124143331602 0.0739850121383 0.102121036172 0.235689660932 0.108751006957 0.0972696323242 0.249505513009 0.00331335368271  2.340846e+03  3.465259e+03  4.565702e-01  2.389482e-01
S7  0.4161774   0.00405239  0.02076289  0.84  0.88  0.047619047619 3 0.254754238923 0.0885985846927 0.150025129184 3.58364989217e-11 0.346713079998 0.156266261179 0.403592415397 0.150856392386 0.147524960942 0.370208981248 0.00510797506942  1.991627e+03  3.715653e+03  3.912564e-01  2.461319e-01
N9  0.27208165  0.00364001  0.02132159  0.90  0.98  0.0888888888889 0 0.136311163624 0.0990555328759 0.115463327662 5.8037927049e-08 0.220813757994 0.118651103371 0.246373245161 0.110228108433 0.109967274164 0.224786452394 0.00242480008609  3.729424e+03  3.655569e+03  4.048562e-01  2.413801e-01
S2  0.36642472  0.00403899  0.02434756  0.95  0.98  0.0315789473684 3 0.179576206469 0.369684818816 0.153315396705 0.000200671358635 0.109108345042 0.133426204881 0.340774996889 0.146457182179 0.136209131256 0.377563746132 0.00579961037326  3.264094e+03  3.481868e+03  3.413016e-01  2.455723e-01
N2t  0.42857277  0.00304434 -0.00358304  0.95  0.99  0.0421052631579 2 0.227705046609 0.242883541895 0.167153034741 0.000452147102427 0.0966537271102 0.168066798655 0.392182689982 0.151696487753 0.164938483471 0.412430469907 0.00409064962779  3.384929e+03  3.987875e+03  4.191974e-01  2.380346e-01
N14t  0.3551609   0.0026928  -0.00961562  0.79  0.83  0.0506329113924 2 0.182794402978 0.281505773496 0.158050528391 1.9965457891e-05 0.145828052948 0.144370246516 0.349277166403 0.145316020418 0.137346816683 0.399932174419 0.00416613560912  3.834336e+03  4.258103e+03  3.871778e-01  2.540995e-01
O8t  0.33485063  0.00402478  0.02020739  0.93  0.96  0.0322580645161 2 0.184974900716 0.212127589281 0.125522320769 4.03634717648e-05 0.132311452572 0.138407750059 0.295585619443 0.115567437322 0.131879336531 0.343717747567 0.00557477234274  3.028972e+03  4.762732e+03  3.587116e-01  2.237618e-01
N13o  0.37865202  0.00388037  0.02388925  0.79  0.83  0.0506329113924 1 0.157278271048 0.118448044916 0.155255255852 0.00186608863669 0.0732739397332 0.135438906414 0.31485614335 0.145337949921 0.136073890458 0.373108096828 0.00362098477967  3.525765e+03  4.777569e+03  3.644731e-01  2.414291e-01
U1  0.23063277  0.00506325  0.03486522  0.83  0.85  0.0240963855422 4 0.208284577181 0.093212427973 0.0979006945448 5.87090837007e-05 0.103758759294 0.0878834314652 0.300300531366 0.0979813465117 0.0827478628882 0.16258734733 0.00559570546306  2.869423e+03  4.609495e+03  3.604597e-01  2.497888e-01
O3  0.29700585  0.00286621  0.00259017  0.90  0.93  0.0333333333333 0 0.214037133372 0.170269603033 0.138126343045 1.61139648564e-05 0.142690656506 0.122072043928 0.337716043023 0.130352094733 0.117454655805 0.305464498397 0.0052478866725  2.610156e+03  3.897572e+03  3.387604e-01  2.408022e-01
N9t  0.27208165  0.00364001  0.02132159  0.90  0.96  0.0666666666667 2 0.136311163624 0.0990555328759 0.115463327662 5.8037927049e-08 0.220813757994 0.118651103371 0.246373245161 0.110228108433 0.109967274164 0.224786452394 0.00242480008609  2.816299e+03  4.132406e+03  4.146084e-01  2.683910e-01
N13  0.37865202  0.00388037  0.02388925  0.80  0.83  0.0375 0 0.157278271048 0.118448044916 0.155255255852 0.00186608863669 0.0732739397332 0.135438906414 0.31485614335 0.145337949921 0.136073890458 0.373108096828 0.00362098477967  2.799274e+03  3.518629e+03  3.690496e-01  2.478480e-01
N10o  0.27614297  0.00385099  0.02537369  0.79  0.83  0.0506329113924 1 0.213903460693 0.123317373 0.117242664635 4.19424495757e-09 0.272025572161 0.117703383882 0.31848849336 0.112760304156 0.114271753858 0.308180644018 0.0026571094638  3.423523e+03  3.763621e+03  3.571734e-01  2.636480e-01
O9  0.43840356  0.00372959  0.00816818  0.87  0.93  0.0689655172414 0 0.314253836426 0.0785073023292 0.147051085646 0.000103286539368 0.110013276433 0.163801619738 0.444217919854 0.157834962951 0.157772119543 0.361398368685 0.00589718744011  3.091677e+03  2.741149e+03  3.814877e-01  2.743116e-01
N7t  0.25542317  0.003115    0.01497096  0.84  0.87  0.0357142857143 2 0.147721321333 0.0940989648899 0.115091773043 0.000113483064539 0.103004708502 0.113405317464 0.256179419344 0.114005575276 0.10781170612 0.208529639667 0.00483651327903  3.597501e+03  5.192698e+03  3.850966e-01  2.137215e-01
N3  0.56123423  0.00389858  0.02429927  0.95  0.96  0.0105263157895 0 0.407859743521 0.0829485233638 0.201855580754 3.62742774672e-05 0.12955429386 0.208558187349 0.596593335156 0.204076620049 0.198292045322 0.393247931704 0.00736614912485  2.105022e+03  3.409353e+03  3.397161e-01  2.449546e-01
