O25  0.54429496  0.00333578 -0.01178311  0.85  0.92  0.0823529411765  0  0  1
S8  0.37594579  0.00449682  0.02760145  0.88  0.95  0.0795454545455  3  1  1
U3  0.39542561  0.00463563  0.03304037  0.83  0.85  0.0240963855422  4  1  0
N14o  0.3551609   0.0026928  -0.00961562  0.79  0.83  0.0506329113924  1  1  1
N7t  0.25542317  0.003115    0.01497096  0.84  0.87  0.0357142857143  2  0  1
U2  0.23445603  0.00343772  0.02109684  0.83  0.85  0.0240963855422  4  1  1
O19  0.55150036  0.00311107 -0.01788694  0.87  0.92  0.0574712643678  0  1  1
S6  0.45923965  0.00357429  0.00623756  0.81  0.86  0.0617283950617  3  1  1
N11t  0.42998426  0.00434756  0.02492862  0.90  0.94  0.0444444444444  2  1  0
O18t  0.39708     0.00384055  0.01293716  0.81  0.83  0.0246913580247  2  0  1
O26o  0.47616811  0.0042569   0.01935778  0.91  0.95  0.043956043956  1  1  0
O2  0.25851544  0.00315042  0.0131129   0.95  1.01  0.0631578947368  0  1  1
N2o  0.42857277  0.00304434 -0.00358304  0.92  0.98  0.0652173913043  1  1  0
O21o  0.55674834  0.0034604  -0.00257139  0.86  0.89  0.0348837209302  1  1  0
L4  0.53603925  0.00398534  0.01481729  0.91  0.97  0.0659340659341  0  0  0
N9  0.27208165  0.00364001  0.02132159  0.90  0.98  0.0888888888889  0  1  1
O10  0.46344939  0.00361318  0.00716057  0.87  0.90  0.0344827586207  0  1  1
O24t  0.36786172  0.00372889  0.0119595  0.87  0.92  0.0574712643678  2  1  0
N6t  0.56578101  0.00394738  0.02262315  0.81  0.85  0.0493827160494 2  0  0
N8o  0.32375264  0.00402803  0.02595953  0.80  0.84  0.05  1  1  0
O25t  0.54429496  0.00333578 -0.01178311  0.87  0.89  0.0229885057471  2  0  1
N11o  0.42998426  0.00434756  0.02492862  0.88  0.92  0.0454545454545  1  0  0
N9o  0.27208165  0.00364001  0.02132159  0.91  0.95  0.043956043956  1  0  0
S9  0.4625574   0.00406027  0.02464168  0.85  0.88  0.0352941176471  3  1  0
O22  0.55221395  0.00362443 -0.00484885  0.82  0.89  0.0853658536585  0  1  1
S1  0.39647212  0.00446739  0.02648428  0.91  0.92  0.010989010989  3  1  0
L1  0.30438373  0.00348489  0.01251044  0.73  0.78  0.0684931506849  0  1  1
O19t  0.55150036  0.00311107 -0.01788694  0.86  0.92  0.0697674418605  2  0  0
N11  0.42998426  0.00434756  0.02492862  0.89  0.93  0.0449438202247  0  1  1
O1  0.31311331  0.00313045  0.00614129  0.81  0.86  0.0617283950617  0  1  0
N7  0.25542317  0.003115    0.01497096  0.85  0.96  0.129411764706  0  1  0
N3  0.56123423  0.00389858  0.02429927  0.95  0.96  0.0105263157895  0  1  0
N8  0.32375264  0.00402803  0.02595953  0.85  0.92  0.0823529411765  0  1  0
N4o  0.36632676  0.00351252  0.00963017  0.80  0.84  0.05  1  0  1
N2t  0.42857277  0.00304434 -0.00358304  0.95  0.99  0.0421052631579  2  1  0
S11  0.42946128  0.00551507  0.03741806  0.80  0.83  0.0375  3  1  1
O19o  0.55150036  0.00311107 -0.01788694  0.86  0.92  0.0697674418605  1  1  1
S2  0.36642472  0.00403899  0.02434756  0.95  0.98  0.0315789473684  3  1  0
N13o  0.37865202  0.00388037  0.02388925  0.79  0.83  0.0506329113924  1  1  1
O26t  0.47616811  0.0042569   0.01935778  0.91  0.96  0.0549450549451  2  1  1
N1o  0.61136524  0.00436026  0.04026837  0.70  0.75  0.0714285714286  1  1  1
O26  0.47616811  0.0042569   0.01935778  0.91  0.98  0.0769230769231  0  0  1
L8  0.56281188  0.00355371 -0.00713875  0.80  0.86  0.075  0  0  0
N10  0.27614297  0.00385099  0.02537369  0.79  0.85  0.0759493670886  0  1  1
O22t  0.55221395  0.00362443 -0.00484885  0.83  0.87  0.0481927710843  2  0  0
O7  0.30187814  0.00442044  0.03360955  0.90  0.96  0.0666666666667  0  1  0
O23  0.64157004  0.00419951  0.017406  0.82  0.86  0.0487804878049  0  0  1
L7  0.81350566  0.00258173 -0.0731416  0.84  0.90  0.0714285714286  0  1  1
L10  0.47980458  0.00339583 -0.00089593  0.84  0.88  0.047619047619  0  0  0
N1t  0.61136524  0.00436026  0.04026837  0.71  0.76  0.0704225352113  2  0  0
L9  0.51218164  0.00319145 -0.00366112  0.77  0.83  0.0779220779221  0  1  1
N3t  0.56123423  0.00389858  0.02429927  0.90 0.95  0.0555555555556  2  1  0
O11  0.407236    0.0039318   0.01233864  0.84  0.88  0.047619047619  0  1  0
S10  0.25671399  0.00363439  0.0190835  0.83  0.87  0.0481927710843  3  1  1
N5t  0.29541194  0.00308501  0.00875807  0.75  0.81  0.08  2  0  1
N4t  0.36632676  0.00351252  0.00963017  0.81  0.84  0.037037037037  2  0  0
S5  0.23962949  0.00456987  0.03194034  0.83  0.86  0.0361445783133  3  1  1
S13 0.35595174  0.00427757  0.02766931  0.88  0.96  0.0909090909091  3  1  0
N14  0.3551609   0.0026928  -0.00961562  0.80  0.84  0.05  0  1  1
L6  0.5558996   0.00301579 -0.02613183  0.72  0.79  0.0972222222222  0  0  0
N12t  0.50272597  0.00341157  0.01704414  0.84  0.87  0.0357142857143  2  1  1
S7  0.4161774   0.00405239  0.02076289  0.84  0.88  0.047619047619  3  1  1
O20  0.4461825   0.00366534  0.00439821  0.79  0.88  0.113924050633  0  0  1
U5  0.27116286  0.00436828  0.03423647  0.83  0.85  0.0240963855422  4  1  1
O17  0.47262616  0.00322292 -0.00460573  0.86  0.91  0.0581395348837  0  1  0
O22o  0.55221395  0.00362443 -0.00484885  0.82  0.88  0.0731707317073  1  1  1
N10o  0.27614297  0.00385099  0.02537369  0.79  0.83  0.0506329113924  1  0  0
O8t  0.33485063  0.00402478  0.02020739  0.93  0.96  0.0322580645161  2  0  1
N7o  0.25542317  0.003115    0.01497096  0.84  0.90  0.0714285714286  1  0  1
O27  0.75651805  0.00436842  0.01592212  0.86  0.91  0.0581395348837  0  0  1
U6  0.25340472  0.0047503   0.03400938  0.83  0.85  0.0240963855422  4  1  1
S4  0.38871578  0.00475593  0.02765906  0.91  0.94  0.032967032967  3  1  1
O3  0.29700585  0.00286621  0.00259017  0.90  0.93  0.0333333333333  0  1  0
S3  0.40098789  0.00441959  0.02500166  0.85  0.88  0.0352941176471  3  1  1
O16  0.71091724  0.003988    0.00756109  0.89  0.92  0.0337078651685  0  1  1
O23t  0.64157004  0.00419951  0.017406  0.82  0.86  0.0487804878049  2  0  1
O20t  0.4461825   0.00366534  0.00439821  0.84  0.88  0.047619047619  2  1  1
N3o  0.56123423  0.00389858  0.02429927  0.87 0.93  0.0689655172414  1  0  1
O25o  0.54429496  0.00333578 -0.01178311  0.87  0.88  0.0114942528736  1  0  1
N9t  0.27208165  0.00364001  0.02132159  0.90  0.96  0.0666666666667  2  0  0
