../Reed_Pics/U1.png  0.23063277  0.00506325  0.03486522
../Reed_Pics/U2.png  0.23445603  0.00343772  0.02109684
../Reed_Pics/U3.png  0.39542561  0.00463563  0.03304037
../Reed_Pics/U4.png  0.23744311  0.00425761  0.02811389
../Reed_Pics/U5.png  0.27116286  0.00436828  0.03423647
../Reed_Pics/U6.png  0.25340472  0.0047503   0.03400938

../Reed_Pics/S1.png  0.39647212  0.00446739  0.02648428
../Reed_Pics/S2.png  0.36642472  0.00403899  0.02434756
../Reed_Pics/S3.png  0.40098789  0.00441959  0.02500166
../Reed_Pics/S4.png  0.38871578  0.00475593  0.02765906
../Reed_Pics/S5.png  0.23962949  0.00456987  0.03194034
../Reed_Pics/S6.png  0.45923965  0.00357429  0.00623756
../Reed_Pics/S7.png  0.4161774   0.00405239  0.02076289
../Reed_Pics/S8.png  0.37594579  0.00449682  0.02760145
../Reed_Pics/S9.png  0.4625574   0.00406027  0.02464168
../Reed_Pics/S10.png  0.25671399  0.00363439  0.0190835 
../Reed_Pics/S11.png  0.42946128  0.00551507  0.03741806
../Reed_Pics/S12.png  0.27766624  0.00639918  0.04321865
../Reed_Pics/S13.png 0.35595174  0.00427757  0.02766931

../Reed_Pics/O1.png  0.31311331  0.00313045  0.00614129
../Reed_Pics/O2.png  0.25851544  0.00315042  0.0131129 
../Reed_Pics/O3.png  0.29700585  0.00286621  0.00259017
../Reed_Pics/O4.png  0.38636046  0.00336213  0.01981431
../Reed_Pics/O5.png  0.27997182  0.00500033  0.03485466
../Reed_Pics/O6.png  0.38582837  0.00494164  0.02948025
../Reed_Pics/O7.png  0.30187814  0.00442044  0.03360955
../Reed_Pics/O9.png  0.43840356  0.00372959  0.00816818
../Reed_Pics/O10.png  0.46344939  0.00361318  0.00716057
../Reed_Pics/O11.png  0.407236    0.0039318   0.01233864
../Reed_Pics/O12.png  0.28847923  0.0035385   0.01613263
../Reed_Pics/O13.png  0.35669509  0.00440419  0.02517577
../Reed_Pics/O14.png  0.50037715  0.0040006   0.01362632
../Reed_Pics/O15.png  0.44746415  0.00292093 -0.0143296 
../Reed_Pics/O16.png  0.71091724  0.003988    0.00756109
../Reed_Pics/O17.png  0.47262616  0.00322292 -0.00460573

../Reed_Pics/L1.png  0.30438373  0.00348489  0.01251044
../Reed_Pics/L2.png  0.42485449  0.00399869  0.01472142
../Reed_Pics/L3.png  0.50505079  0.00417668  0.01460348
../Reed_Pics/L4.png  0.53603925  0.00398534  0.01481729
../Reed_Pics/L5.png  0.68637391  0.00464438  0.02262286
../Reed_Pics/L6.png  0.5558996   0.00301579 -0.02613183
../Reed_Pics/L7.png  0.81350566  0.00258173 -0.0731416 
../Reed_Pics/L8.png  0.56281188  0.00355371 -0.00713875
../Reed_Pics/L9.png  0.51218164  0.00319145 -0.00366112
../Reed_Pics/L10.png  0.47980458  0.00339583 -0.00089593

../Reed_Pics/N1.png  0.61136524  0.00436026  0.04026837
../Reed_Pics/N2.png  0.42857277  0.00304434 -0.00358304
../Reed_Pics/N3.png  0.56123423  0.00389858  0.02429927
../Reed_Pics/N4.png  0.36632676  0.00351252  0.00963017
../Reed_Pics/N5.png  0.29541194  0.00308501  0.00875807
../Reed_Pics/N6.png  0.56578101  0.00394738  0.02262315
../Reed_Pics/N7.png  0.25542317  0.003115    0.01497096
../Reed_Pics/N8.png  0.32375264  0.00402803  0.02595953
../Reed_Pics/N9.png  0.27208165  0.00364001  0.02132159
../Reed_Pics/N10.png  0.27614297  0.00385099  0.02537369
../Reed_Pics/N11.png  0.42998426  0.00434756  0.02492862
../Reed_Pics/N12.png  0.50272597  0.00341157  0.01704414
../Reed_Pics/N13.png  0.37865202  0.00388037  0.02388925
../Reed_Pics/N14.png  0.3551609   0.0026928  -0.00961562
../Reed_Pics/O8.png  0.33485063  0.00402478  0.02020739
../Reed_Pics/O18.png  0.39708     0.00384055  0.01293716
../Reed_Pics/O19.png  0.55150036  0.00311107 -0.01788694
../Reed_Pics/O20.png  0.4461825   0.00366534  0.00439821
../Reed_Pics/O21.png  0.55674834  0.0034604  -0.00257139
../Reed_Pics/O22.png  0.55221395  0.00362443 -0.00484885
../Reed_Pics/O23.png  0.64157004  0.00419951  0.017406  
../Reed_Pics/O24.png  0.36786172  0.00372889  0.0119595 
../Reed_Pics/O25.png  0.54429496  0.00333578 -0.01178311
../Reed_Pics/O26.png  0.47616811  0.0042569   0.01935778
../Reed_Pics/O27.png  0.75651805  0.00436842  0.01592212