../Reed_Pics/U1.png
[  9.32723732e-04   5.20853111e-05   7.00007304e-04]
../Reed_Pics/U4.png
[  8.70998677e-04   4.41800570e-05   8.40799987e-04]
../Reed_Pics/N8.png
[  1.03439789e-03   3.71046979e-05   1.06372818e-03]
../Reed_Pics/N9.png
[  1.23714003e-03   4.82232553e-05   1.39456152e-03]
../Reed_Pics/O1.png
[  1.29612362e-03   3.60248819e-05   1.56516069e-03]
../Reed_Pics/N3.png
[  1.73440342e-03   3.49857058e-05   1.84454106e-03]
../Reed_Pics/N1.png
[  2.20280996e-03   4.39274158e-05   2.05834807e-03]
../Reed_Pics/N13.png
[  1.01499608e-03   3.02262662e-05   1.08436573e-03]
../Reed_Pics/S9.png
[  1.67573268e-03   4.23142897e-05   1.70814673e-03]
../Reed_Pics/U2.png
[  5.93466256e-04   2.51045081e-05   6.93502690e-04]
../Reed_Pics/S4.png
[  1.31710392e-03   4.28269795e-05   1.08832434e-03]
../Reed_Pics/S6.png
[  2.07023563e-03   4.68612109e-05   2.36309567e-03]
../Reed_Pics/S7.png
[  1.62081122e-03   4.54255519e-05   1.65575354e-03]
../Reed_Pics/N7.png
[  7.17285926e-04   2.42561590e-05   8.67061899e-04]
../Reed_Pics/N4.png
[  1.25364882e-03   3.48611932e-05   1.44661743e-03]
../Reed_Pics/N5.png
[  1.01209834e-03   2.91511807e-05   1.22567686e-03]
../Reed_Pics/O5.png
[  1.22233855e-03   5.60368459e-05   9.35516447e-04]
../Reed_Pics/S5.png
[  8.95410237e-04   4.65365806e-05   7.84359948e-04]
../Reed_Pics/U6.png
[  6.08894930e-04   3.03588071e-05   5.04012191e-04]
../Reed_Pics/S3.png
[  1.23396847e-03   3.77948409e-05   1.13461367e-03]
../Reed_Pics/S2.png
[  1.01069117e-03   3.21085623e-05   1.03787531e-03]
../Reed_Pics/N6.png
[  1.74099975e-03   3.52006787e-05   1.83147055e-03]
../Reed_Pics/O4.png
[  2.45531421e-03   6.12606073e-05   2.89753011e-03]
../Reed_Pics/O7.png
[  7.27585999e-04   2.96041569e-05   6.68827874e-04]
../Reed_Pics/O6.png
[  1.18006835e-03   3.91247402e-05   9.19853848e-04]
../Reed_Pics/N12.png
[  1.69238177e-03   3.30789873e-05   1.98373720e-03]
../Reed_Pics/U3.png
[  1.16564961e-03   3.69189435e-05   1.00027555e-03]
../Reed_Pics/N10.png
[  7.87164531e-04   3.19335684e-05   8.47001775e-04]
../Reed_Pics/S13.png
[  1.06659022e-03   3.61620878e-05   1.02168038e-03]
../Reed_Pics/S12.png
[  1.05736872e-03   5.19146611e-05   5.47833559e-04]
../Reed_Pics/S11.png
[  1.52126887e-03   4.65815790e-05   9.96671854e-04]
../Reed_Pics/S1.png
[  1.21007615e-03   3.77031099e-05   1.09860134e-03]
../Reed_Pics/O3.png
[  1.27300209e-03   3.22736536e-05   1.55176225e-03]
../Reed_Pics/O2.png
[  1.07907153e-03   3.65716444e-05   1.30285760e-03]
../Reed_Pics/N2.png
[  1.52306738e-03   2.95869051e-05   1.84873591e-03]
../Reed_Pics/N11.png
[  1.46242776e-03   4.14315165e-05   1.37438969e-03]
../Reed_Pics/S8.png
[  1.37599285e-03   4.52753056e-05   1.23301066e-03]
../Reed_Pics/N14.png
[  1.94150115e-03   3.70028271e-05   2.36048604e-03]
../Reed_Pics/U5.png
[  8.09961026e-04   3.64498936e-05   7.55004314e-04]
../Reed_Pics/S10.png
[  9.76372522e-04   4.02696280e-05   1.10184489e-03]