../Reed_Pics/U1.png [ 0.25257297  0.00506325  0.03818196]
../Reed_Pics/U2.png [ 0.25675991  0.00343772  0.02310384]
../Reed_Pics/U3.png [ 0.43304262  0.00463564  0.0361836 ]
../Reed_Pics/U4.png [ 0.26003118  0.00425761  0.03078834]
../Reed_Pics/U5.png [ 0.29695871  0.00436827  0.0374933 ]
../Reed_Pics/U6.png [ 0.27751123  0.0047503   0.03724472]
../Reed_Pics/O1.png [ 0.34289975  0.00313045  0.00672581]
../Reed_Pics/O2.png [ 0.28310814  0.00315042  0.01436031]
../Reed_Pics/O3.png [ 0.32526017  0.00286621  0.00283653]
../Reed_Pics/O4.png [ 0.42311512  0.00336213  0.02169923]
../Reed_Pics/O5.png [ 0.30660568  0.00500034  0.03817048]
../Reed_Pics/O6.png [ 0.42253242  0.00494165  0.03228491]
../Reed_Pics/O7.png [ 0.33059593  0.00442044  0.03680692]
../Reed_Pics/S1.png [ 0.43418869  0.00446739  0.02900376]
../Reed_Pics/S2.png [ 0.40128288  0.00403899  0.0266637 ]
../Reed_Pics/S3.png [ 0.43913404  0.00441959  0.02738016]
../Reed_Pics/S4.png [ 0.42569449  0.00475594  0.03029042]
../Reed_Pics/S5.png [ 0.26242555  0.00456987  0.03497874]
../Reed_Pics/S6.png [ 0.50292732  0.00357429  0.00683093]
../Reed_Pics/S7.png [ 0.45576859  0.00405239  0.02273787]
../Reed_Pics/S8.png [ 0.4117097   0.00449681  0.03022694]
../Reed_Pics/S9.png [ 0.50656069  0.00406027  0.02698587]
../Reed_Pics/S10.png [ 0.28113523  0.0036344   0.02089911]
../Reed_Pics/S11.png [ 0.47031612  0.00551507  0.04097766]
../Reed_Pics/S12.png [ 0.30408074  0.00639918  0.04733004]
../Reed_Pics/S13.png [ 0.38981361  0.00427756  0.03030138]
../Reed_Pics/N1.png [ 0.66952473  0.00436025  0.04409882]
../Reed_Pics/N2.png [ 0.46934301  0.00304434 -0.00392376]
../Reed_Pics/N3.png [ 0.61462464  0.00389859  0.02661108]
../Reed_Pics/N4.png [ 0.40117554  0.00351252  0.01054641]
../Reed_Pics/N5.png [ 0.32351462  0.00308501  0.0095912 ]
../Reed_Pics/N6.png [ 0.619604    0.00394738  0.0247753 ]
../Reed_Pics/N7.png [ 0.2797218   0.003115    0.01639496]
../Reed_Pics/N8.png [ 0.35455133  0.00402804  0.02842925]
../Reed_Pics/N9.png [ 0.29796499  0.00364001  0.0233497 ]
../Reed_Pics/N10.png [ 0.30241252  0.003851    0.0277877 ]
../Reed_Pics/N11.png [ 0.47088879  0.00434758  0.02730059]
../Reed_Pics/N12.png [ 0.55055091  0.00341155  0.01866471]
../Reed_Pics/N13.png [ 0.41467333  0.00388038  0.02616194]
../Reed_Pics/N14.png [ 0.38894741  0.0026928  -0.01053021]